144	397.5
147.75	397.5
151	396
154.5	395.25
159.5	393.25
163.25	390.25
163.75	388.25
164.75	385
166.5	382
168.25	379.25
169.5	375.5
170.25	372.75
170.25	370
170.25	367.25
170.25	364.5
171	361.75
171.75	359.5
172.5	358.25
174	355.5
175.5	351.75
175.25	350
174.5	347.5
174.5	345
174.5	343.25
174.5	340.5
175.25	338.25
175.5	335.75
176	333.25
177.25	331.5
178.5	330.25
179.75	328.75
181	327.75
182.75	326.75
184.75	325.75
186	324.75
187	323.5
188.75	322
190	320.25
191	319
192.5	318.75
193.5	316.75
195	316.25
196.75	315.5
198.75	314
199.75	313.25
201.5	311.75
202.75	310.75
204.5	309.5
205.75	308.5
207	308
208.5	307.25
210.25	306.75
211.25	306
213.25	305.5
215.25	304.5
217.25	303.5
219	302.75
220.25	301.5
221.5	301
223	300.25
225	298.5
226.75	298.5
229.5	297.5
232.25	297.5
234.25	296.75
237	296.75
239	296
240.25	296
241.25	296
242.75	295
244.25	294.75
246.5	294
248.5	294
251.5	294
253.25	293.75
255.25	293.75
258.25	292.75
260	292
261.5	292
263.75	292
265.25	291.25
267.75	290.75
269.5	290.5
271.25	290.25
272.75	290.25
274.5	290.25
275.75	290
277.5	289.25
279.75	289.25
282.25	289
283.75	288.5
285.25	288.5
287.75	287.75
289.5	287.75
290.75	287
293	287
295.5	287
298	286.25
300.75	286.25
303.75	286.25
306	286.25
308	286.25
310	286.25
312.25	285.5
314.75	286.25
317.25	286.25
318.25	286.25
319.833	285.833
322.5	285.833
325.5	285.833
327.5	285.833
330.167	285.833
332.5	285.833
335.5	285.833
338.5	286.167
340.5	286.167
343.5	286.167
346.5	286.167
348.833	286.167
350.833	285.833
353.167	285.833
354.5	285.833
357.167	285.833
360.833	285.833
362.5	285.833
363.5	285.833
365.833	285.833
368.167	285.167
370.5	285.167
373.167	285.167
375.5	285.167
378.833	285.167
380.5	284.833
382.5	284.833
384.167	284.833
386.5	284.833
389.167	285.167
392.5	285.167
393.5	285.25
395.125	285.375
396.5	285.375
398.375	285.375
400.5	285.375
401.875	285.75
403.875	285.75
406.75	285.875
408.5	285.875
410	285.875
411.375	285.875
413.125	286
414.625	286
416.375	286
418.125	286.25
419.25	286.25
421	286.5
422.75	286.5
424.375	286.5
425.625	286.5
427	286.75
427.875	286.75
429.625	286.75
431	286.75
433.167	286.5
434.667	287.167
436.333	287.167
438.333	287.167
440.333	287.167
442.5	287.333
444.833	287.667
447.167	287.667
449.667	288.167
452.5	288.167
454.333	288.167
455.333	287.833
456.333	287.833
458	287.833
459.333	287.833
461.167	287.833
463	287.833
463.833	287.833
465.5	287.833
467.167	287.5
469.5	288.167
471.833	289.167
475.5	290.5
479.167	291.5
483.167	292.5
486.5	294.833
492.833	295.5
497.833	296.167
501.167	297.167
506.5	297.167
510.167	298.167
513.833	298.833
517.833	299.833
522.5	300.5
527.167	301.167
530.167	301.5
535.833	303.833
543.167	305.5
550.833	306.167
554.167	305.833
558.833	306.5
561.833	307.5
564.5	307.5
567.167	308.167
571.167	309.167
576.167	309.833
581	311.5
583.875	312.5
586.375	313.125
589.625	314.375
592.25	315.75
595	317
598.25	318.125
600.625	318.5
603.75	319.625
607.625	319.875
613.125	320.25
619.875	320.5
624.875	321.75
628.625	322.75
631.875	323.875
635.125	324.5
638.5	325.125
641.5	325.75
646.375	327.125
651	328.167
655.333	328.833
658.333	329.667
661.333	331
665.5	331.667
669.5	333
672.5	333.5
675.5	334
678	334.667
683	335.5
687.5	337
690.5	337
694.5	338.5
698	338.5
702.167	339.5
706.667	340.333
711.333	341.667
714.833	342.333
719.333	343.167
723.833	343.167
741.833	344.833
754.5	345.5
767.833	348.167
778.5	346.833
789.833	346.833
796.5	344.167
804.5	344.167
807.833	340.833
813.833	339.5
817.833	336.833
823.167	336.833
829.833	334.833
837.167	333.5
842.5	332.167
847.833	329.5
851.167	326.167
854.5	323.5
859.167	322.167
865.167	319.5
867.167	316.167
870.5	312.833
872.25	311.5
874.75	310.75
876.25	309
878	305.75
880	303.75
881.75	302.25
883.25	300.75
883.25	298.75
883.5	297
884.75	295.75
886.25	293.75
886.25	292.25
886.25	290
886.25	287.25
886.25	285.25
886.25	283.25
886.25	281.5
886.25	279.25
886.25	276.5
886	272.5
885.5	268.25
885.5	265.25
885.5	263.5
884.25	260.75
883.75	256.5
883.5	254
883	252.5
881.25	249.5
879.75	246.25
878.25	243.75
876.25	241.25
875.25	240.25
872.25	237.75
870.5	235.75
869.25	233.5
868.25	232.25
866.75	231.25
864.75	228.5
864.75	228.5
862.75	225.25
861.25	223.5
860.25	222.25
859.25	220.75
858.25	219.5
856.25	216.5
854.5	214.75
853.25	212.5
851.75	211.5
849	210.75
846.5	208.75
844.75	207.25
842.25	205.75
841.5	204.75
840.5	202.75
837.5	201.5
835.5	200.25
833.5	199.75
831.75	197.75
829.75	196.5
824.833	192.833
818.167	190.167
814.833	186.833
810.167	182.167
805.5	180.167
802.833	178.167
799.5	176.167
796.167	174.833
793.5	173.5
791.5	171.5
784.167	168.833
781.5	168.167
778.167	168.167
774.167	166.167
768.833	165.5
763.5	160.167
760.167	158.833
757.5	158.167
753.5	156.833
750.75	155.833
748.333	154.583
745.75	153.75
744.417	153.083
742.167	152.167
739.167	151.083
736.5	149.75
733	149.5
731.5	149
727	148
722	148
718.5	148
712	148
705.5	148
701.5	147.5
698	147.5
694	147.5
690	147.5
687	148
683	149.5
680	151
676	153
673.5	153
669.5	155
666.5	155
662.5	156.5
658	158
654.5	162.5
650	164.5
647.5	168.5
645	170.5
640.5	175
637.5	177.5
634	179.5
629.5	182
625.5	184
622	186.5
618.5	189
616	190
614	191.5
610.5	192.5
608	193.5
604.5	195
600	197.5
597.5	198.5
594	201
590.5	202.5
587.5	204
584	204
580	206.5
577.5	208
573	208.5
567	208.5
566	209
562	211
559	210
553.5	212.5
551	212.5
547.5	212.5
545	213
540.5	215
535.5	215
531.5	216.5
526.5	217.5
522.5	217.5
520	218
515.5	222
507.5	225
498	226.5
491.25	227.75
486.75	227.75
483.75	228.5
480.5	229.75
477.5	229.75
475	229.75
472.75	229.75
471.75	231
468.25	230.5
465.5	231
463.25	231
461.75	231
459.75	231
457	231
454	231.75
449.25	231.75
448	232
445	232
440.75	232
435.5	232
433.5	232.5
429.25	232.5
427.25	232.5
424	232.5
422	232.5
419.333	232.667
416	232.667
413	232.333
410.833	232
408.333	232
407	232
405	232
403	232
400.667	232
398	232
396.667	232.167
393	232.833
391.5	232.5
389.667	233.667
387.833	233.833
384.5	234.667
382.667	234.667
379.833	234.833
376.833	234.667
374.167	234
372.167	233.667
370.167	233.167
368.167	232.667
367	231
365.5	229.167
364.167	226.5
361.5	225.5
359.167	224.5
357.5	223.167
355.833	222.5
353.5	221.833
351.833	220.833
348.833	219.833
345.167	219.5
343.5	217.167
340.833	214.833
338.833	214.167
336.5	213.167
333.5	212.5
328.833	211.167
326.167	209.167
324.5	208.167
322.833	206.5
321.833	205.5
319.5	203.833
319.5	201.833
315.5	201.833
310.5	198.833
307.167	197.5
303.5	196.167
301.833	194.167
300.5	194.167
297.833	193.5
294.833	191.833
290.833	190.5
287.167	189.833
285.167	189.167
283.167	188.167
279.5	186.833
276.833	186.833
272.833	186.5
270.167	184.5
265.5	184.5
262.167	184.167
258	184
252	184
248	186
243.5	186
239	187.5
234	188.5
229.5	190
226	193
223.5	193
220.5	194.5
215.5	196
212	197.5
207.5	199.5
202	201.5
196.5	204
194	206
189	209
183.5	211.5
176.5	214.5
172.5	216.5
172.5	221
168.5	223
163.5	226
159	229
155	234
152.5	238.5
148	243
145	249
140.5	254.5
138.5	261
136.5	265.5
134	268.5
134	273
133.25	276.75
131.75	279.75
130.75	284
128.75	287.5
128.25	292
127.5	295.5
126	299.75
125.5	303.75
123.75	309
121.75	312.75
120.75	316.75
120.75	320.75
120.25	324.5
120.25	329
120	332.5
119.5	338
118.25	341.25
118.25	345.75
118.25	350.5
118	353.75
118	356.25
118	361
118	364.75
118	368.75
118.25	372.75
119.5	378.25
121.25	381
122.5	385.25
125.25	389.25
128.25	391.5
132	394.5
136.75	396
